MySarray 3 _ _ _ 16 un deux trois one two three ein zwei drei _ _ _
_ _ _ _ _ _ _ _ _ _ _ _ _ _ _ _ _ _ _ _ _ _ _ _ _ _ _ _ _ _ _ _ _ _
_ _;
MyTab 20 0.2 0.933335 0.600001 -1 -1.03334 -0.266667 0.833335 -0.533334
-0.966669 0.566668 0.866669 0.766668 -0.933335 -0.866668 -0.0333333
0.833335 0.900002 0.0333335 -0.766668 -0.766668 16 0.1 0.366667 0.466668
0.600001 0.700001 0.766668 0.833335 0.900002 0.933335 0.966669 0.900002
0.866669 0.766668 0.633335 0.533334 0.400001 0.300001 0.166667 0.0666668
0.0333334 0.266667 0.500001 0.666668 0.900002 0.800002 0.233334 -0.400001
-0.633335 -0.733335 -0.800002 -0.800002 -0.800002 -0.833335 -0.566668
-0.2 0.566668 0.700001 0.833335 0.933335 0.966669 0.266667 0.633335
0.900002 0.866669 -0.766668 -0.900002 -0.933335 -0.666668 -0.300001
0.133334 0.866669 0.266667 -0.766668 -0.966669 -0.633335 -0.233334
0.766668 0.700001 0.433334 -0.2 0.2 0.933335 0.600001 -1 -1.03334 -0.266667
0.833335 -0.533334 -0.966669 0.566668 0.866669 0.766668 -0.933335 -0.866668
-0.0333333 0.833335 0.900002 0.0333335 -0.766668 -0.766668 0 0 0 0
0 0 0 0 0 0 0 0 0 0 0 0 0 0 0 0 0 0 0 0 0 0 0 0 0 0 0 0 0 0 0 0 0 0
0 0 0 0 0 0 0 0 0 0 0 0 0 0 0 0 0 0 0 0 0 0 0 0 0 0 0 0 0 0 0 0 0 0
0 0 0 0 0 0 0 0 0 0 0 0 0 0 0 0 0 0 0 0 0 0 0 0 0 0 0 0 0 0 0 0 0 0
0 0 0 0 0 0 0 0 0 0 0 0 0 0 0 0 0 0 0 0 0 0 0 0 0 0 0 0 0 0 0 0 0 0
0 0 0 0 0 0 0 0 0 0 0 0 0 0 0 0 0 0 0 0 0 0 0 0 0 0 0 0 0 0 0 0 0 0
0 0 0 0 0 0 0 0 0 0 0 0 0 0 0 0 0 0 0 0 0 0 0 0 0 0 0 0 0 0 0 0 0 0
0 0 0 0 0 0 0 0 0 0 0 0 0 0 0 0 0 0 0 0 0 0 0 0 0 0 0 0 0 0 0 0;
MySym quattro 16 one zwei trois quattro _ _ _ _ _ _ _ _ _ _ _ _;
MyFloat 110 16 17 37 77 110 0 0 0 0 0 0 0 0 0 0 0 0;
