decoupeur-setting2-Hmin 0.265823 0;
decoupeur-setting2-Lmin 0.177215 0;
decoupeur-setting2-Seuil 0.253165 0;
decoupeur-setting1-Hmin 0.139241 0;
decoupeur-setting1-Lmin 0.177215 0;
decoupeur-setting1-Seuil 0.139241 0;
decoupeur-setting8-Hmin 0.329114 0;
decoupeur-setting8-Lmin 0.177215 0;
decoupeur-setting8-Seuil 0.35443 0;
decoupeur-setting7-Hmin 0.278481 0;
decoupeur-setting7-Lmin 0.2 0;
decoupeur-setting7-Seuil 0.405063 0;
decoupeur-setting6-Hmin 0.21519 0;
decoupeur-setting6-Lmin 0.189873 0;
decoupeur-setting6-Seuil 0.493671 0;
decoupeur-setting5-Hmin 0.0886076 0;
decoupeur-setting5-Lmin 0.151899 0;
decoupeur-setting5-Seuil 0.113924 0;
decoupeur-setting4-Hmin 0.265823 0;
decoupeur-setting4-Lmin 0.113924 0;
decoupeur-setting4-Seuil 0.202532 0;
decoupeur-setting3-Hmin 0.278481 0;
decoupeur-setting3-Lmin 0.164557 0;
decoupeur-setting3-Seuil 0.303797 0;
SEQ-patternMAX 15 0;
SEQ gap1 bypass 0 16 0 0 0 0 0 0 0 0 0 0 0 0 0 0 0 0;
SEQ gap1 vitesse 0 16 0 0 0 0 0 0 0 0 0 0 0 0 0 0 0 0;
SEQ gap1 vol 0 16 0 0 0 0 0 0 0 0 0 0 0 0 0 0 0 0;
SEQ gap1 time 0 16 0 0 0 0 0 0 0 0 0 0 0 0 0 0 0 0;
SEQ gap1 line 0 16 0 0 0 0 0 0 0 0 0 0 0 0 0 0 0 0;
SEQ vdl1 bypass 0 16 0 0 0 0 0 0 0 0 0 0 0 0 0 0 0 0;
SEQ vdl1 vtime 0 16 0 0 0 0 0 0 0 0 0 0 0 0 0.131313 0.131313 0.131313
0.131313;
SEQ vdl1 time 0 16 0 0 0 0 0 0 0 0 0.20202 0.717172 0.0937374 0.0937374
0.0937374 0.0937374 0.0937374 0.0937374;
SEQ vdl1 filtre 0 16 0 0 0 0 0 0 0 0 0.383838 0.737374 0.72202 0.72202
1 1 1 1;
SEQ vdl1 feed 0 16 0 0 0 0 0 0 0 0 0.707071 0.787879 0.768081 0.768081
0.768081 0.768081 0.768081 0.768081;
SEQ vdl1 vol 0 16 0 0 0 0 0 0 0 0 0.959596 0.909091 0 0 0.606061 0
0 0;
SEQ fl2 vol 0 16 0 0 0 0 0 0 0.888889 0.888889 0 0 0.79798 0 0 0 0
0;
SEQ fl2 filtre 0 16 0 0 0 0 0 0 1 1 0 0 1 1 1 1 1 1;
SEQ fl2 feed 0 16 0 0 0 0 0 0 0.808081 0.89899 0 0 0.686869 0.686869
0.686869 0.686869 0.686869 0.686869;
SEQ fl2 time 0 16 0 0 0 0 0 0 0 0 0 0 0 0 0 0 0 0;
SEQ fl2 rate 0 16 0 0 0 0 0 0 0.464646 1 0 0 0 0 0 0 0 0;
SEQ fl2 deph 0 16 0 0 0 0 0 0 0.373737 0.676768 0 0 0.30303 0.30303
0.30303 0.30303 0.30303 0.30303;
SEQ fl2 bypass 0 16 0 0 0 0 0 0 0 0 0 0 0 0 0 0 0 0;
SEQ fragseq2-denum 0 16 0 0 0 0 0 0 0 0 0 0 0 0 0 0 0 0;
SEQ fragseq2-vol 0 16 0 0 0 0 0 0 0 0 0 0 0 0 0 0 0 0;
SEQ fragseq2-palinmesure 0 16 0 0 0 0 0 0 0 0 0 0 0 0 0 0 0 0;
SEQ fragseq2-constance 0 16 0 0 0 0 0 0 0 0 0 0 0 0 0 0 0 0;
SEQ fragseq2-pitch 0 16 0 0 0 0 0 0 0 0 0 0 0 0 0 0 0 0;
SEQ fragseq2-fragdenum 0 16 0 0 0 0 0 0 0 0 0 0 0 0 0 0 0 0;
SEQ fragseq2-timemode 0 16 0 0 0 0 0 0 0 0 0 0 0 0 0 0 0 0;
SEQ fragseq2-smooth 0 16 0 0 0 0 0 0 0 0 0 0 0 0 0 0 0 0;
SEQ fragseq2-mode 0 16 0 0 0 0 0 0 0 0 0 0 0 0 0 0 0 0;
SEQ fragseq2-amorti 0 16 0 0 0 0 0 0 0 0 0 0 0 0 0 0 0 0;
SEQ vdl1 bypass 0 16 0 0 0 0 0 0 0 0 0 0 0 0 0 0 0 0;
SEQ vdl1 vtime 0 16 0 0 0 0 0 0 0 0 0 0 0 0 0.020202 0.020202 0.020202
0.020202;
SEQ vdl1 time 0 16 0 0 0 0 0 0 0 0 0.353535 0.121212 0.399394 0.399394
0.399394 0.399394 0.399394 0.399394;
SEQ vdl1 filtre 0 16 0 0 0 0 0 0 0 0 0.434343 0.676768 0.744747 0.744747
1 1 1 1;
SEQ vdl1 feed 0 16 0 0 0 0 0 0 0 0 0.717172 0.828283 0.783737 0.783737
0.783737 0.783737 0.783737 0.783737;
SEQ vdl1 vol 0 16 0 0 0 0 0 0 0 0 0.959596 0.89899 0 0 0.525253 0 0
0;
SEQ rev1 tone 0.464646 16 0.464646 0.464646 0.464646 0.464646 0.464646
0.464646 0.464646 0.464646 0.464646 0.464646 0.464646 0.464646 0.464646
0.464646 0.464646 0.464646;
SEQ rev1 time 1.44707 16 1.44707 1.44707 1.44707 1.44707 1.44707 1.44707
1.44707 1.44707 1.44707 1.44707 1.44707 1.44707 1.44707 1.44707 1.44707
1.44707;
SEQ rev1 vol 0.307692 16 0.307692 0.307692 0.307692 0.307692 0.307692
0.307692 0.307692 0.307692 0.307692 0.307692 0.307692 0.307692 0.307692
0.307692 0.307692 0.307692;
SEQ shi1 bypass 0 16 0 0 0 0 0 0 0 0 0 0 0 0 0 0 0 0;
SEQ shi1 vol 0 16 0 0 0 0 0 0 0 0 0 0 0 0 0 0 0 0;
SEQ shi1 levlfo 0 16 0 0 0 0 0 0 0 0 0 0 0 0 0 0 0 0;
SEQ shi1 del 0 16 0 0 0 0 0 0 0 0 0 0 0 0 0 0 0 0;
SEQ shi1 win 0 16 0 0 0 0 0 0 0 0 0 0 0 0 0 0 0 0;
SEQ shi1 trans 0 16 0 0 0 0 0 0 0 0 0 0 0 0 0 0 0 0;
SEQ shi1 grain 0 16 0 0 0 0 0 0 0 0 0 0 0 0 0 0 0 0;
SEQ shi1 freq 0 16 0 0 0 0 0 0 0 0 0 0 0 0 0 0 0 0;
SEQ ssb1 bypass 0 16 0 0 0 0 0 0 0 0 0 0 0 0 0 0 0 0;
SEQ ssb1 vol 0 16 0 0 0 0 0 0 0 0 0 0 0 0 0 0 0 0;
SEQ ssb1 levlfo 0 16 0 0 0 0 0 0 0 0 0 0 0 0 0 0 0 0;
SEQ ssb1 trans 0 16 0 0 0 0 0 0 0 0 0 0 0 0 0 0 0 0;
SEQ ssb1 grain 0 16 0 0 0 0 0 0 0 0 0 0 0 0 0 0 0 0;
SEQ ssb1 freq 0 16 0 0 0 0 0 0 0 0 0 0 0 0 0 0 0 0;
SEQ moo1 sat 0.414141 16 0.414141 0.414141 0.414141 0.414141 0.414141
0.414141 0.414141 0.414141 0.414141 0.414141 0.414141 0.414141 0.414141
0.414141 0.414141 0.414141;
SEQ moo1 f 0 16 0 0 0 0 0 0 0 0 0 0 0 0 0 0 0 0;
SEQ moo1 q 0 16 0 0 0 0 0 0 0 0 0 0 0 0 0 0 0 0;
SEQ sli1 value 0 16 0 0 0 0 0 0 0 0 0 0 0 0 0 0 0 0;
SEQ eq1 f 110.909 16 110.909 110.909 110.909 110.909 110.909 110.909
110.909 110.909 110.909 110.909 110.909 110.909 110.909 110.909 110.909
110.909;
SEQ eq1 q 1.02603 16 1.02603 1.02603 1.02603 1.02603 1.02603 1.02603
1.02603 1.02603 1.02603 1.02603 1.02603 1.02603 1.02603 1.02603 1.02603
1.02603;
SEQ eq1 db 24.7475 16 24.7475 24.7475 24.7475 24.7475 24.7475 24.7475
24.7475 24.7475 24.7475 24.7475 24.7475 24.7475 24.7475 24.7475 24.7475
24.7475;
SEQ pha1 rate 0 16 0 0 0 0 0 0 0 0 0 0 0 0 0 0 0 0;
SEQ pha1 deph 0 16 0 0 0 0 0 0 0 0 0 0 0 0 0 0 0 0;
SEQ ech1 time 0 16 0 0 0 0 0 0 0 0 0 0 0 0 0 0 0 0;
SEQ ech1 filtre 0 16 0 0 0 0 0 0 0 0 0 0 0 0 0 0 0 0;
SEQ ech1 feed 0 16 0 0 0 0 0 0 0 0 0 0 0 0 0 0 0 0;
SEQ ech1 vol 0 16 0 0 0 0 0 0 0 0 0 0 0 0 0 0 0 0;
SEQ che1 coef4 0 16 0 0 0 0 0 0 0 0 0 0 0 0 0 0 0 0;
SEQ che1 coef3 0 16 0 0 0 0 0 0 0 0 0 0 0 0 0 0 0 0;
SEQ che1 coef2 0 16 0 0 0 0 0 0 0 0 0 0 0 0 0 0 0 0;
SEQ che1 coef1 0 16 0 0 0 0 0 0 0 0 0 0 0 0 0 0 0 0;
SEQ che1 vol 0 16 0 0 0 0 0 0 0 0 0 0 0 0 0 0 0 0;
SEQ dis1 vol 0 16 0 0 0 0 0 0 0 0 0 0 0 0 0 0 0 0;
SEQ dis1 disto 0 16 0 0 0 0 0 0 0 0 0 0 0 0 0 0 0 0;
SEQ div1 bypass 0 16 0 0 0 0 0 0 0 0 0 0 0 0 0 0 0 0;
SEQ div1 vol2 0 16 0 0 0 0 0 0 0 0 0 0 0 0 0 0 0 0;
SEQ div1 vol 0 16 0 0 0 0 0 0 0 0 0 0 0 0 0 0 0 0;
SEQ div1 eff 0 16 0 0 0 0 0 0 0 0 0 0 0 0 0 0 0 0;
SEQ div1 effmicro 0 16 0 0 0 0 0 0 0 0 0 0 0 0 0 0 0 0;
SEQ fl1 vol 0 16 0 0 0 0 0 0 0.89899 0.89899 0 0 0.838384 0 0 0 0 0
;
SEQ fl1 filtre 0 16 0 0 0 0 0 0 1 1 0 0 1 1 1 1 1 1;
SEQ fl1 feed 0 16 0 0 0 0 0 0 0.878788 0.838384 0 0 0.606061 0.606061
0.606061 0.606061 0.606061 0.606061;
SEQ fl1 time 0 16 0 0 0 0 0 0 0 0 0 0 0 0 0 0 0 0;
SEQ fl1 rate 0 16 0 0 0 0 0 0 0.656566 1 0 0 0 0 0 0 0 0;
SEQ fl1 deph 0 16 0 0 0 0 0 0 0.323232 1 0 0 0.424242 0.424242 0.424242
0.424242 0.424242 0.424242;
SEQ fl1 bypass 0 16 0 0 0 0 0 0 0 0 0 0 0 0 0 0 0 0;
SEQ fd2 vol 28.831 16 28.831 28.831 28.831 28.831 28.831 28.831 28.831
28.831 28.831 28.831 28.831 28.831 28.831 28.831 28.831 28.831;
SEQ fd2 time 0.759118 16 0.759118 0.759118 0.759118 0.759118 0.759118
0.759118 0.759118 0.759118 0.759118 0.759118 0.759118 0.759118 0.759118
0.759118 0.759118 0.759118;
SEQ fd2 tone 0.851919 16 0.851919 0.851919 0.851919 0.851919 0.851919
0.851919 0.851919 0.851919 0.851919 0.851919 0.851919 0.851919 0.851919
0.851919 0.851919 0.851919;
SEQ fd1 vol 23.0769 16 23.0769 26.9231 23.0769 26.9231 26.9231 30.7692
30.7692 50 26.9231 26.9231 0 34.6154 0 30.7692 0 42.3077;
SEQ fd1 time 0.711949 16 0.711949 0.711949 0.711949 0.711949 0.711949
0.711949 1.56363 9.60808 0.711949 0.711949 5.57295 5.57295 5.57295
5.57295 5.57295 0.549485;
SEQ fd1 tone 0.532121 16 0.532121 0.532121 0.532121 0.532121 0.532121
0.532121 1.53535 1.92606 0.532121 0.532121 0.606061 0.606061 0.606061
0.606061 0.606061 2;
SEQ fragseq1-denum 0 16 0 1 2 3 4 6 3 3 1 1 4 0 0 0 6 6;
SEQ fragseq1-vol 0.79661 16 0.79661 0.79661 0.79661 0.79661 0.79661
0.79661 0.677966 0.474576 0.542373 0.542373 0.542373 0.542373 0.542373
0.542373 0.542373 0.542373;
SEQ fragseq1-palinmesure 0 16 0 0 1 0 1 4 1 4 0 0 1 4 4 0 4 1;
SEQ fragseq1-constance 50 16 50 50 50 50 50 50 50 50 50 50 0 0 0 0
0 7;
SEQ fragseq1-pitch 0 16 0 0 0 0 0 0 0 12 0 0 0 0 0 12 -16 32;
SEQ fragseq1-fragdenum 0 16 0 0 3 3 2 1 2 1 0 0 3 3 3 1 1 2;
SEQ fragseq1-timemode 3 16 3 3 3 3 3 3 3 2 3 3 2 2 2 3 3 3;
SEQ fragseq1-smooth 3.6485 16 3.6485 3.6485 3.6485 3.6485 3.6485 3.6485
3.6485 3.6485 3.6485 3.6485 3.6485 3.6485 3.6485 3.6485 2 2;
SEQ fragseq1-mode 3 16 3 3 3 3 3 3 3 3 3 3 3 3 3 2 3 3;
SEQ fragseq1-amorti 0 16 0 0 0 0 0 0 0 0 0 0 0 0 0 0 0 0;
SEQ fragseq8-denum 0 16 0 0 0 0 0 0 0 0 0 0 0 0 0 0 0 0;
SEQ fragseq8-vol 0 16 0 0 0 0 0 0 0 0 0 0 0 0 0 0 0 0;
SEQ fragseq8-palinmesure 0 16 0 0 0 0 0 0 0 0 0 0 0 0 0 0 0 0;
SEQ fragseq8-constance 0 16 0 0 0 0 0 0 0 0 0 0 0 0 0 0 0 0;
SEQ fragseq8-pitch 0 16 0 0 0 0 0 0 0 0 0 0 0 0 0 0 0 0;
SEQ fragseq8-fragdenum 0 16 0 0 0 0 0 0 0 0 0 0 0 0 0 0 0 0;
SEQ fragseq8-timemode 0 16 0 0 0 0 0 0 0 0 0 0 0 0 0 0 0 0;
SEQ fragseq8-smooth 0 16 0 0 0 0 0 0 0 0 0 0 0 0 0 0 0 0;
SEQ fragseq8-mode 0 16 0 0 0 0 0 0 0 0 0 0 0 0 0 0 0 0;
SEQ fragseq8-amorti 0 16 0 0 0 0 0 0 0 0 0 0 0 0 0 0 0 0;
SEQ fragseq7-denum 0 16 0 0 0 0 0 0 0 0 0 0 0 0 0 0 0 0;
SEQ fragseq7-vol 0 16 0 0 0 0 0 0 0 0 0 0 0 0 0 0 0 0;
SEQ fragseq7-palinmesure 0 16 0 0 0 0 0 0 0 0 0 0 0 0 0 0 0 0;
SEQ fragseq7-constance 0 16 0 0 0 0 0 0 0 0 0 0 0 0 0 0 0 0;
SEQ fragseq7-pitch 0 16 0 0 0 0 0 0 0 0 0 0 0 0 0 0 0 0;
SEQ fragseq7-fragdenum 0 16 0 0 0 0 0 0 0 0 0 0 0 0 0 0 0 0;
SEQ fragseq7-timemode 0 16 0 0 0 0 0 0 0 0 0 0 0 0 0 0 0 0;
SEQ fragseq7-smooth 0 16 0 0 0 0 0 0 0 0 0 0 0 0 0 0 0 0;
SEQ fragseq7-mode 0 16 0 0 0 0 0 0 0 0 0 0 0 0 0 0 0 0;
SEQ fragseq7-amorti 0 16 0 0 0 0 0 0 0 0 0 0 0 0 0 0 0 0;
SEQ fd8 vol 0 16 0 0 0 0 0 0 0 0 0 0 0 0 0 0 0 0;
SEQ fd8 time 0.3 16 0.3 0.3 0.3 0.3 0.3 0.3 0.3 0.3 0.3 0.3 0.3 0.3
0.3 0.3 0.3 0.3;
SEQ fd8 tone 0 16 0 0 0 0 0 0 0 0 0 0 0 0 0 0 0 0;
SEQ fd7 vol 0 16 0 0 0 0 0 0 0 0 0 0 0 0 0 0 0 0;
SEQ fd7 time 0.3 16 0.3 0.3 0.3 0.3 0.3 0.3 0.3 0.3 0.3 0.3 0.3 0.3
0.3 0.3 0.3 0.3;
SEQ fd7 tone 0 16 0 0 0 0 0 0 0 0 0 0 0 0 0 0 0 0;
SEQ fragseq6-denum 0 16 0 0 0 0 0 0 0 0 0 0 0 0 0 0 0 0;
SEQ fragseq6-vol 0 16 0 0 0 0 0 0 0 0 0 0 0 0 0 0 0 0;
SEQ fragseq6-palinmesure 0 16 0 0 0 0 0 0 0 0 0 0 0 0 0 0 0 0;
SEQ fragseq6-constance 0 16 0 0 0 0 0 0 0 0 0 0 0 0 0 0 0 0;
SEQ fragseq6-pitch 0 16 0 0 0 0 0 0 0 0 0 0 0 0 0 0 0 0;
SEQ fragseq6-fragdenum 0 16 0 0 0 0 0 0 0 0 0 0 0 0 0 0 0 0;
SEQ fragseq6-timemode 0 16 0 0 0 0 0 0 0 0 0 0 0 0 0 0 0 0;
SEQ fragseq6-smooth 0 16 0 0 0 0 0 0 0 0 0 0 0 0 0 0 0 0;
SEQ fragseq6-mode 0 16 0 0 0 0 0 0 0 0 0 0 0 0 0 0 0 0;
SEQ fragseq6-amorti 0 16 0 0 0 0 0 0 0 0 0 0 0 0 0 0 0 0;
SEQ fragseq5-denum 0 16 0 0 0 0 0 0 0 0 0 0 0 0 0 0 0 0;
SEQ fragseq5-vol 0 16 0 0 0 0 0 0 0 0 0 0 0 0 0 0 0 0;
SEQ fragseq5-palinmesure 0 16 0 0 0 0 0 0 0 0 0 0 0 0 0 0 0 0;
SEQ fragseq5-constance 0 16 0 0 0 0 0 0 0 0 0 0 0 0 0 0 0 0;
SEQ fragseq5-pitch 0 16 0 0 0 0 0 0 0 0 0 0 0 0 0 0 0 0;
SEQ fragseq5-fragdenum 0 16 0 0 0 0 0 0 0 0 0 0 0 0 0 0 0 0;
SEQ fragseq5-timemode 0 16 0 0 0 0 0 0 0 0 0 0 0 0 0 0 0 0;
SEQ fragseq5-smooth 0 16 0 0 0 0 0 0 0 0 0 0 0 0 0 0 0 0;
SEQ fragseq5-mode 0 16 0 0 0 0 0 0 0 0 0 0 0 0 0 0 0 0;
SEQ fragseq5-amorti 0 16 0 0 0 0 0 0 0 0 0 0 0 0 0 0 0 0;
SEQ fd6 vol 0 16 0 0 0 0 0 0 0 0 0 0 0 0 0 0 0 0;
SEQ fd6 time 0.3 16 0.3 0.3 0.3 0.3 0.3 0.3 0.3 0.3 0.3 0.3 0.3 0.3
0.3 0.3 0.3 0.3;
SEQ fd6 tone 0 16 0 0 0 0 0 0 0 0 0 0 0 0 0 0 0 0;
SEQ fd5 vol 0 16 0 0 0 0 0 0 0 0 0 0 0 0 0 0 0 0;
SEQ fd5 time 0.3 16 0.3 0.3 0.3 0.3 0.3 0.3 0.3 0.3 0.3 0.3 0.3 0.3
0.3 0.3 0.3 0.3;
SEQ fd5 tone 0 16 0 0 0 0 0 0 0 0 0 0 0 0 0 0 0 0;
SEQ fragseq4-denum 0 16 0 0 0 0 0 0 0 0 0 0 0 0 0 0 0 0;
SEQ fragseq4-vol 0 16 0 0 0 0 0 0 0 0 0 0 0 0 0 0 0 0;
SEQ fragseq4-palinmesure 0 16 0 0 0 0 0 0 0 0 0 0 0 0 0 0 0 0;
SEQ fragseq4-constance 0 16 0 0 0 0 0 0 0 0 0 0 0 0 0 0 0 0;
SEQ fragseq4-pitch 0 16 0 0 0 0 0 0 0 0 0 0 0 0 0 0 0 0;
SEQ fragseq4-fragdenum 0 16 0 0 0 0 0 0 0 0 0 0 0 0 0 0 0 0;
SEQ fragseq4-timemode 0 16 0 0 0 0 0 0 0 0 0 0 0 0 0 0 0 0;
SEQ fragseq4-smooth 0 16 0 0 0 0 0 0 0 0 0 0 0 0 0 0 0 0;
SEQ fragseq4-mode 0 16 0 0 0 0 0 0 0 0 0 0 0 0 0 0 0 0;
SEQ fragseq4-amorti 0 16 0 0 0 0 0 0 0 0 0 0 0 0 0 0 0 0;
SEQ fragseq3-denum 0 16 0 0 0 0 0 0 0 0 0 0 0 0 0 0 0 0;
SEQ fragseq3-vol 0 16 0 0 0 0 0 0 0 0 0 0 0 0 0 0 0 0;
SEQ fragseq3-palinmesure 0 16 0 0 0 0 0 0 0 0 0 0 0 0 0 0 0 0;
SEQ fragseq3-constance 0 16 0 0 0 0 0 0 0 0 0 0 0 0 0 0 0 0;
SEQ fragseq3-pitch 0 16 0 0 0 0 0 0 0 0 0 0 0 0 0 0 0 0;
SEQ fragseq3-fragdenum 0 16 0 0 0 0 0 0 0 0 0 0 0 0 0 0 0 0;
SEQ fragseq3-timemode 0 16 0 0 0 0 0 0 0 0 0 0 0 0 0 0 0 0;
SEQ fragseq3-smooth 0 16 0 0 0 0 0 0 0 0 0 0 0 0 0 0 0 0;
SEQ fragseq3-mode 0 16 0 0 0 0 0 0 0 0 0 0 0 0 0 0 0 0;
SEQ fragseq3-amorti 0 16 0 0 0 0 0 0 0 0 0 0 0 0 0 0 0 0;
SEQ fd4 vol 0 16 0 0 0 0 0 0 0 0 0 0 0 0 0 0 0 0;
SEQ fd4 time 0.3 16 0.3 0.3 0.3 0.3 0.3 0.3 0.3 0.3 0.3 0.3 0.3 0.3
0.3 0.3 0.3 0.3;
SEQ fd4 tone 0 16 0 0 0 0 0 0 0 0 0 0 0 0 0 0 0 0;
SEQ fd3 vol 0 16 0 0 0 0 0 0 0 0 0 0 0 0 0 0 0 0;
SEQ fd3 time 0.3 16 0.3 0.3 0.3 0.3 0.3 0.3 0.3 0.3 0.3 0.3 0.3 0.3
0.3 0.3 0.3 0.3;
SEQ fd3 tone 0 16 0 0 0 0 0 0 0 0 0 0 0 0 0 0 0 0;
