stretch-setting1-Hmin 0.164557 0;
stretch-setting1-Lmin 0.21519 0;
stretch-setting1-Seuil 0.126582 0;
GRI-patternMAX 7 0;
GRI ech1 time 0.232323 16 0.555556 0 0 0 0 0 0.646465 0.464646 0 0
0 0 0 0 0 0;
GRI ech1 filtre 0.949293 16 0.878788 1 0.707071 0 0 0 0.707071 0.545455
0 0 0 0 0 0 0 0;
GRI ech1 feed 0.329394 16 0.787879 0 0 0 0 0 0.707071 0.787879 0 0
0 0 0 0 0 0;
GRI ech1 vol 0.312525 16 0.747475 0 0 0 0 0 0.525253 0.323232 0 0 0
0 0 0 0 0;
GRI gap1 bypass 1 16 1 1 1 1 1 0 0 0 0 0 0 0 0 0 0 0;
GRI gap1 vitesse 0.0909091 16 0.0909091 0.0909091 0.0909091 0.0909091
0.0909091 0.0909091 0.333333 0.333333 0 0 0 0 0 0 0 0;
GRI gap1 vol 0.828283 16 0.828283 0.828283 0.828283 0.828283 0.828283
0.828283 0.828283 0.828283 0 0 0 0 0 0 0 0;
GRI gap1 time 0.252525 16 0.252525 0.252525 0.252525 0.252525 0.252525
0.252525 0.515152 0.515152 0 0 0 0 0 0 0 0;
GRI gap1 line 0.20202 16 0.20202 0.20202 0.20202 0.20202 0.20202 0.20202
0.323232 0.323232 0 0 0 0 0 0 0 0;
GRI ssb1 bypass 1 16 1 1 1 1 1 1 0 0 0 0 0 0 0 0 0 0;
GRI ssb1 vol 1 16 1 1 1 1 1 1 0.878788 0.878788 0 0 0 0 0 0 0 0;
GRI ssb1 levlfo 0.545455 16 0.545455 0.545455 0.545455 0.545455 0.545455
0.545455 0.424242 0.909091 0 0 0 0 0 0 0 0;
GRI ssb1 trans 0.656566 16 0.656566 0.656566 0.656566 0.656566 0.656566
0.656566 0.50505 0.464646 0 0 0 0 0 0 0 0;
GRI ssb1 grain 0.313131 16 0.313131 0.313131 0.313131 0.313131 0.313131
0.313131 0 0.292929 0 0 0 0 0 0 0 0;
GRI ssb1 freq 0.161616 16 0.161616 0.161616 0.161616 0.161616 0.161616
0.161616 0.040404 0.0707071 0 0 0 0 0 0 0 0;
GRI fragseq4-lenrnd 0.413791 16 0.531646 0.329114 0.189873 0.189873
1 1 1 1 0 0 0 0 0 0 0 0;
GRI fragseq4-len 0.228777 16 0.177215 0.265823 0.518987 0.658228 1
1 1 1 0 0 0 0 0 0 0 0;
GRI fragseq4-posrnd 0.518987 16 0.518987 0.518987 0.518987 0.506329
0.620253 0.620253 0.620253 0.620253 0 0 0 0 0 0 0 0;
GRI fragseq4-speedrnd 0 16 0 0 0.265823 0.265823 1 1 1 1 0 0 0 0 0
0 0 0;
GRI fragseq4-speed 1 16 1 1 1 1 1 1 1 1 0 0 0 0 0 0 0 0;
pnip1-patternMAX 2 0;
pnip1 pnip1Reset 1 16 1 0 0 0 0 0 0 0 0 0 0 0 0 0 0 0;
pnip1 rev1 tone 0 16 0 0 0 0 0 0 0 0 0 0 0 0 0 0 0 0;
pnip1 rev1 time 0.3 16 0.3 0.3 0.3 0 0 0 0 0 0 0 0 0 0 0 0 0;
pnip1 rev1 vol 0 16 0 0 0 0 0 0 0 0 0 0 0 0 0 0 0 0;
pnip1 dist1 vol 0 16 0 0 0 0 0 0 0 0 0 0 0 0 0 0 0 0;
pnip1 dist1 disto 0 16 0 0 0 0 0 0 0 0 0 0 0 0 0 0 0 0;
pnip1 ortho1 mode 0 16 0 0 0 0 0 0 0 0 0 0 0 0 0 0 0 0;
pnip1 ortho1 db 6.75758 16 -33.0303 14.2424 19.4949 0 0 0 0 0 0 0 0
0 0 0 0 0;
pnip1 ortho1 q 1.57727 16 3.81254 1.15673 2.7855 0 0 0 0 0 0 0 0 0
0 0 0 0;
pnip1 ortho1 f 100.351 16 58.202 108.283 125.879 0 0 0 0 0 0 0 0 0
0 0 0 0;
pnip1 pnip1Oneway 0 16 0 0 1 0 0 0 0 0 0 0 0 0 0 0 0 0;
pnip1 pnip1Over 1 16 1 1 1 0 0 0 0 0 0 0 0 0 0 0 0 0;
pnip1 pnip1T 0.646465 16 0.646465 0.646465 0.646465 0 0 0 0 0 0 0 0
0 0 0 0 0;
pnip1 pnip1Fedd 1 16 1 1 1 0 0 0 0 0 0 0 0 0 0 0 0 0;
SEQ2-patternMAX 3 0;
SEQ2 pha1 rate 0.717172 16 0.40404 0.717172 0.717172 0 0 0 0 0 0 0
0 0 0 0 0 0;
SEQ2 pha1 deph 1 16 1 1 1 1 0 0 0 0 0 0 0 0 0 0 0 0;
SEQ2 fd2 vol 69.2308 16 69.2308 69.2308 69.2308 50 0 0 0 0 0 0 0 0
0 0 0 0;
SEQ2 fd2 time 0.719747 16 0.839343 1.20681 0.549485 0.406012 0 0 0
0 0 0 0 0 0 0 0 0;
SEQ2 fd2 tone 0.911111 16 2 1.49495 0.707071 1.15152 0 0 0 0 0 0 0
0 0 0 0 0;
SEQ2 fragseq2-denum 1 16 0 1 1 4 0 0 0 0 0 0 0 0 0 0 0 0;
SEQ2 fragseq2-vol 0.665 16 0.728814 0.525424 0.525424 0.665 0 0 0 0
0 0 0 0 0 0 0 0;
SEQ2 fragseq2-palinmesure 0 16 0 0 0 1 0 0 0 0 0 0 0 0 0 0 0 0;
SEQ2 fragseq2-constance 50 16 50 50 50 50 0 0 0 0 0 0 0 0 0 0 0 0;
SEQ2 fragseq2-pitch 0 16 0 0 0 -4 0 0 0 0 0 0 0 0 0 0 0 0;
SEQ2 fragseq2-fragdenum 2 16 3 2 2 3 0 0 0 0 0 0 0 0 0 0 0 0;
SEQ2 fragseq2-timemode 3 16 3 3 3 3 0 0 0 0 0 0 0 0 0 0 0 0;
SEQ2 fragseq2-smooth 2.62848 16 2.62848 2.62848 2.62848 2.62848 0 0
0 0 0 0 0 0 0 0 0 0;
SEQ2 fragseq2-mode 3 16 3 3 3 3 0 0 0 0 0 0 0 0 0 0 0 0;
SEQ2 fragseq2-amorti 0 16 0 0 0 0 0 0 0 0 0 0 0 0 0 0 0 0;
SEQ2 disto1 vol 0.755657 16 1 0.808081 0.737374 0.464646 0 0 0 0 0
0 0 0 0 0 0 0;
SEQ2 disto1 disto 0.680707 16 0 0.373737 0.787879 0.838384 0 0 0 0
0 0 0 0 0 0 0 0;
SEQ1-patternMAX 15 0;
SEQ1 fd1 vol 23.0769 16 23.0769 23.0769 23.0769 23.0769 23.0769 42.3077
46.1538 42.3077 26.9231 38.4615 26.9231 50 73.0769 38.4615 38.4615
38.4615;
SEQ1 fd1 time 0.711949 16 0.711949 0.711949 0.711949 0.711949 0.711949
0.711949 9.60808 9.60808 0.711949 0.711949 4.11783 0.526055 0.3 38.0011
10.036 0.3;
SEQ1 fd1 tone 0.532121 16 0.532121 0.532121 0.532121 0.532121 0.532121
0.532121 1.92606 1.92606 0.532121 0.532121 0.532121 0.532121 0.532121
0.532121 0.532121 0.532121;
SEQ1 vdl1 bypass 0 16 0 0 0 0 0 0 0 0 0 0 0 0 0 0 0 0;
SEQ1 vdl1 vtime 0 16 0 0 0 0 0 0 0 0.353535 0.141414 0.656566 0.656566
0.656566 0 0 0 0;
SEQ1 vdl1 time 0 16 0 0 0 0 0 0 0 0.171717 0.353535 0.212121 0.212121
0.212121 0.0808081 0.222222 0.626263 0.626263;
SEQ1 vdl1 filtre 0 16 0 0 0 0 0 0 0 1 0.737374 0.909091 0.909091 0.909091
1 0.858586 0.909091 0.909091;
SEQ1 vdl1 feed 0 16 0 0 0 0 0 0 0 0.848485 0.717172 0.777778 0.777778
0.777778 0.838384 0.40404 0.777778 0.777778;
SEQ1 vdl1 vol 0 16 0 0 0 0 0 0 0 0.575758 0.767677 0.828283 0 0 0.434343
0 0.333333 0;
SEQ1 vdl1 bypass 0 16 0 0 0 0 0 0 0 0 0 0 0 0 0 0 0 0;
SEQ1 vdl1 vtime 0 16 0 0 0 0 0 0 0 0.353535 0.141414 0.656566 0.656566
0.656566 0 0 0 0;
SEQ1 vdl1 time 0 16 0 0 0 0 0 0 0 0.171717 0.353535 0.212121 0.212121
0.212121 0.0808081 0.222222 0.626263 0.626263;
SEQ1 vdl1 filtre 0 16 0 0 0 0 0 0 0 1 0.737374 0.909091 0.909091 0.909091
1 0.858586 0.909091 0.909091;
SEQ1 vdl1 feed 0 16 0 0 0 0 0 0 0 0.848485 0.717172 0.777778 0.777778
0.777778 0.838384 0.40404 0.777778 0.777778;
SEQ1 vdl1 vol 0 16 0 0 0 0 0 0 0 0.575758 0.767677 0.828283 0 0 0.434343
0 0.333333 0;
SEQ1 fl2 vol 0 16 0 0 0 0 0 0 0.888889 0.737374 0 0 0.89899 0.727273
0.79798 0.767677 0 0;
SEQ1 fl2 filtre 0 16 0 0 0 0 0 0 0.686869 0.939394 0 0 1 1 1 1 1 1
;
SEQ1 fl2 feed 0 16 0 0 0 0 0 0 0.79798 0.818182 0 0 0.262626 0.040404
0 0.383838 0 0;
SEQ1 fl2 time 0 16 0 0 0 0 0 0 0 0 0 0 0 0 0 0 0 0;
SEQ1 fl2 rate 0 16 0 0 0 0 0 0 0.737374 0.0909091 0 0 0.050505 0.656566
0.767677 1 0.767677 0.767677;
SEQ1 fl2 deph 0 16 0 0 0 0 0 0 0.535354 0.545455 0 0 0.121212 0.222222
0.30303 0.121212 0.30303 0.30303;
SEQ1 fl2 bypass 0 16 0 0 0 0 0 0 0 0 0 0 0 0 0 0 0 0;
SEQ1 fl1 vol 0 16 0 0 0 0 0 0 0.888889 0.808081 0 0 0.868687 0.737374
0.676768 0.717172 0 0;
SEQ1 fl1 filtre 0 16 0 0 0 0 0 0 0.79798 1 0 0 1 1 1 1 1 1;
SEQ1 fl1 feed 0 16 0 0 0 0 0 0 0.838384 0.878788 0 0 0.272727 0.0606061
0.828283 0.282828 0.828283 0.828283;
SEQ1 fl1 time 0 16 0 0 0 0 0 0 0 0 0 0 0 0 0 0 0 0;
SEQ1 fl1 rate 0 16 0 0 0 0 0 0 0.727273 0.282828 0 0 0.111111 0.464646
0.79798 1 0.79798 0.79798;
SEQ1 fl1 deph 0 16 0 0 0 0 0 0 0.767677 0.636364 0 0 0.161616 0.0808081
0.464646 0 0.464646 0.464646;
SEQ1 fl1 bypass 0 16 0 0 0 0 0 0 0 0 0 0 0 0 0 0 0 0;
SEQ1 fragseq1-denum 4 16 1 3 3 4 4 6 3 4 1 3 3 4 5 0 1 6;
SEQ1 fragseq1-vol 0.745763 16 0.745763 0.745763 0.745763 0.745763 0.745763
0.745763 0.627119 0.627119 0.694915 0.694915 0.694915 0.694915 0.694915
0.694915 0.694915 0.694915;
SEQ1 fragseq1-palinmesure 0 16 0 0 0 0 1 3 0 3 0 1 3 0 0 4 4 4;
SEQ1 fragseq1-constance 50 16 50 50 50 50 50 50 50 50 0 50 0 0 0 0
0 0;
SEQ1 fragseq1-pitch 0 16 0 0 0 0 0 0 0 0 0 0 0 0 0 0 -12 24;
SEQ1 fragseq1-fragdenum 1.15044 16 0 0 2 1 2 2 0 1 1 1 3 1 3 0 3 3
;
SEQ1 fragseq1-timemode 2 16 2 2 2 2 3 2 3 3 3 3 3 3 3 3 3 3;
SEQ1 fragseq1-smooth 3.09677 16 3.09677 3.09677 3.09677 3.09677 3.09677
3.09677 3.27073 3.27073 0 0 2.77613 0 0 0 5.06436 2.77613;
SEQ1 fragseq1-mode 3 16 3 3 3 3 3 3 3 3 3 3 3 3 3 3 3 2;
SEQ1 fragseq1-amorti 0 16 0 0 0 0 0 0 0 0 0 0 0 0 0 0 0 0;
decoupeur-setting2-Hmin 0.265823 0;
decoupeur-setting2-Lmin 0.177215 0;
decoupeur-setting2-Seuil 0.0506329 0;
decoupeur-setting1-Hmin 0.139241 0;
decoupeur-setting1-Lmin 0.177215 0;
decoupeur-setting1-Seuil 0.139241 0;
decoupeur-setting8-Hmin 0.329114 0;
decoupeur-setting8-Lmin 0.177215 0;
decoupeur-setting8-Seuil 0.35443 0;
decoupeur-setting7-Hmin 0.278481 0;
decoupeur-setting7-Lmin 0.2 0;
decoupeur-setting7-Seuil 0.405063 0;
decoupeur-setting6-Hmin 0.21519 0;
decoupeur-setting6-Lmin 0.189873 0;
decoupeur-setting6-Seuil 0.493671 0;
decoupeur-setting5-Hmin 0.0886076 0;
decoupeur-setting5-Lmin 0.151899 0;
decoupeur-setting5-Seuil 0.113924 0;
decoupeur-setting4-Hmin 0.265823 0;
decoupeur-setting4-Lmin 0.113924 0;
decoupeur-setting4-Seuil 0.202532 0;
decoupeur-setting3-Hmin 0.278481 0;
decoupeur-setting3-Lmin 0.164557 0;
decoupeur-setting3-Seuil 0.303797 0;
