A-patternMAX 1 0;
A eq1 f 69 16 69 83.9192 0 0 0 0 0 0 0 0 0 0 0 0 0 0;
A eq1 q 1.7 16 1.7 4.60258 0 0 0 0 0 0 0 0 0 0 0 0 0 0;
A eq1 db 0 16 0 -6.76768 0 0 0 0 0 0 0 0 0 0 0 0 0 0;
A ssb1 bypass 0 16 0 0 0 0 0 0 0 0 0 0 0 0 0 0 0 0;
A ssb1 vol 1 16 1 0.30303 0 0 0 0 0 0 0 0 0 0 0 0 0 0;
A ssb1 levlfo 1 16 1 0.434343 0 0 0 0 0 0 0 0 0 0 0 0 0 0;
A ssb1 trans 1 16 1 0.575758 0 0 0 0 0 0 0 0 0 0 0 0 0 0;
A ssb1 grain 1 16 1 0.686869 0 0 0 0 0 0 0 0 0 0 0 0 0 0;
A ssb1 freq 1 16 1 0.363636 0 0 0 0 0 0 0 0 0 0 0 0 0 0;
A fd1 vol 38.4615 16 38.4615 84.6154 0 0 0 0 0 0 0 0 0 0 0 0 0 0;
A fd1 time 1.44707 16 1.44707 1.95843 0 0 0 0 0 0 0 0 0 0 0 0 0 0;
A fd1 tone 0.444444 16 0.444444 2 0 0 0 0 0 0 0 0 0 0 0 0 0 0;
A sh1 bypass 0 16 0 0 0 0 0 0 0 0 0 0 0 0 0 0 0 0;
A sh1 vol 0.747475 16 0.747475 0.707071 0 0 0 0 0 0 0 0 0 0 0 0 0 0
;
A sh1 levlfo 0.646465 16 0.646465 0.717172 0 0 0 0 0 0 0 0 0 0 0 0
0 0;
A sh1 del 0.686869 16 0.686869 0.131313 0 0 0 0 0 0 0 0 0 0 0 0 0 0
;
A sh1 win 0.626263 16 0.626263 0.111111 0 0 0 0 0 0 0 0 0 0 0 0 0 0
;
A sh1 trans 0.646465 16 0.646465 0.121212 0 0 0 0 0 0 0 0 0 0 0 0 0
0;
A sh1 grain 0.79798 16 0.79798 0.545455 0 0 0 0 0 0 0 0 0 0 0 0 0 0
;
A sh1 freq 0.676768 16 0.676768 0.747475 0 0 0 0 0 0 0 0 0 0 0 0 0
0;
A r1 tone 0.464646 16 0.464646 2 0 0 0 0 0 0 0 0 0 0 0 0 0 0;
A r1 time 1.44707 16 1.44707 1.95843 0 0 0 0 0 0 0 0 0 0 0 0 0 0;
A r1 vol 0.307692 16 0.307692 0.769231 0 0 0 0 0 0 0 0 0 0 0 0 0 0
;
A gap1 bypass 0 16 0 0 0 0 0 0 0 0 0 0 0 0 0 0 0 0;
A gap1 vitesse 0.717172 16 0.717172 0.20202 0 0 0 0 0 0 0 0 0 0 0 0
0 0;
A gap1 vol 0.171717 16 0.171717 0.727273 0 0 0 0 0 0 0 0 0 0 0 0 0
0;
A gap1 time 0.707071 16 0.707071 0.121212 0 0 0 0 0 0 0 0 0 0 0 0 0
0;
A gap1 line 0.868687 16 0.868687 0.131313 0 0 0 0 0 0 0 0 0 0 0 0 0
0;
A echo1 time 0.222222 16 0.222222 0.767677 0 0 0 0 0 0 0 0 0 0 0 0
0 0;
A echo1 filtre 0.191919 16 0.191919 0.575758 0 0 0 0 0 0 0 0 0 0 0
0 0 0;
A echo1 feed 0.252525 16 0.252525 0.626263 0 0 0 0 0 0 0 0 0 0 0 0
0 0;
A echo1 vol 0.787879 16 0.787879 0.292929 0 0 0 0 0 0 0 0 0 0 0 0 0
0;
A div1 bypass 0 16 0 0 0 0 0 0 0 0 0 0 0 0 0 0 0 0;
A div1 vol2 0.222222 16 0.222222 0.555556 0 0 0 0 0 0 0 0 0 0 0 0 0
0;
A div1 vol 0.252525 16 0.252525 0.585859 0 0 0 0 0 0 0 0 0 0 0 0 0
0;
A div1 eff 0.262626 16 0.262626 0.606061 0 0 0 0 0 0 0 0 0 0 0 0 0
0;
A div1 effmicro 0.222222 16 0.222222 0.606061 0 0 0 0 0 0 0 0 0 0 0
0 0 0;
A disto1 vol 0.222222 16 0.222222 0.636364 0 0 0 0 0 0 0 0 0 0 0 0
0 0;
A disto1 disto 0.222222 16 0.222222 0.636364 0 0 0 0 0 0 0 0 0 0 0
0 0 0;
