phrasesA-patternMAX 3 0;
phrasesA melo-1-table 20 0 25 25 25 0 24 24 8 25 24 0 9 24 0 23 24
16 1 4 0 16 0 25 25 25 0 24 24 8 25 24 0 9 24 0 23 24 16 1 4 0 1 25
7 24 0 15 24 8 0 25 0 9 25 0 20 17 16 1 4 0 1 3 7 11 0 15 18 15 0 12
0 9 13 0 16 12 16 1 4 0 0 25 24 7 0 25 23 15 0 12 0 5 13 0 16 12 12
2 3 0 0 0 0 0 0 0 0 0 0 0 0 0 0 0 0 0 0 0 0 0 0 0 0 0 0 0 0 0 0 0 0
0 0 0 0 0 0 0 0 0 0 0 0 0 0 0 0 0 0 0 0 0 0 0 0 0 0 0 0 0 0 0 0 0 0
0 0 0 0 0 0 0 0 0 0 0 0 0 0 0 0 0 0 0 0 0 0 0 0 0 0 0 0 0 0 0 0 0 0
0 0 0 0 0 0 0 0 0 0 0 0 0 0 0 0 0 0 0 0 0 0 0 0 0 0 0 0 0 0 0 0 0 0
0 0 0 0 0 0 0 0 0 0 0 0 0 0 0 0 0 0 0 0 0 0 0 0 0 0 0 0 0 0 0 0 0 0
0 0 0 0 0 0 0 0 0 0 0 0 0 0 0 0 0 0 0 0 0 0 0 0 0 0 0 0 0 0 0 0 0 0
0 0 0 0 0 0 0 0 0 0 0 0 0 0 0 0 0 0 0 1 3 7 11 0 15 18 15 0 12 0 9
13 0 16 12 12 2 3 0;
melo-1-table 20 8 25 25 25 11 25 25 15 25 25 5 25 6 25 7 25 16 1 4
0 16 0 0 0 0 0 0 0 0 0 0 0 0 0 0 0 0 0 0 0 0 0 0 0 0 0 0 0 0 0 0 0
0 0 0 0 0 0 0 0 0 0 0 0 0 0 0 0 0 0 0 0 0 0 0 0 0 0 0 0 0 0 0 0 0 0
0 0 0 0 0 0 0 0 0 0 0 0 0 0 0 0 0 0 0 0 0 0 0 0 0 0 0 0 0 0 0 0 0 0
0 0 0 0 0 0 0 0 0 0 0 0 0 0 0 0 0 0 0 0 0 0 0 0 0 0 0 0 0 0 0 0 0 0
0 0 0 0 0 0 0 0 0 0 0 0 0 0 0 0 0 0 0 0 0 0 0 0 0 0 0 0 0 0 0 0 0 0
0 0 0 0 0 0 0 0 0 0 0 0 0 0 0 0 0 0 0 0 0 0 0 0 0 0 0 0 0 0 0 0 0 0
0 0 0 0 0 0 0 0 0 0 0 0 0 0 0 0 0 0 0 0 0 0 0 0 0 0 0 0 0 0 0 0 0 0
0 0 0 0 0 0 0 0 0 0 0 0 0 0 0 0 0 0 0 0 0 0 0 0 0 0 0 0 0 0 0 0 0 0
0 0 0 0 0 0 0 0 0 0 0 0 0 0 0 0 0 0 0 0 0 0 0 0 0 0 0 0 0 0 0 0 0 0
0 0 0 0 0 0 0 0 0 0 0 0 0 0 0 0 0;
A-patternMAX 4 0;
A synth1-pwmF 0.131313 16 0.131313 0.131313 0.050505 0.050505 0.40404
0 0 0 0 0 0 0 0 0 0 0;
A synth1-pwmA 0.727273 16 0.727273 0.727273 0.30303 0.30303 0.30303
0 0 0 0 0 0 0 0 0 0 0;
A synth1-pwmO 0.238368 16 0.232323 0.424242 0.535354 0.535354 0.535354
0 0 0 0 0 0 0 0 0 0 0;
A synth1-fE 0.262149 16 0.242424 0.868687 0.858586 0.161616 0.161616
0 0 0 0 0 0 0 0 0 0 0;
A synth1-autotune 1 16 1 1 1 1 1 0 0 0 0 0 0 0 0 0 0 0;
A synth1-volume 0.999364 16 1 0.979798 0.979798 0.979798 0.979798 0
0 0 0 0 0 0 0 0 0 0;
A synth1-wf 1 16 1 1 1 1 1 0 0 0 0 0 0 0 0 0 0 0;
A synth1-vW 0.343434 16 0.343434 0.343434 0.343434 0.343434 0.262626
0 0 0 0 0 0 0 0 0 0 0;
A synth1-vF 0.545455 16 0.545455 0.545455 0.727273 0.727273 0.525253
0 0 0 0 0 0 0 0 0 0 0;
A synth1-vA 0.292929 16 0.292929 0.292929 0.626263 0.626263 0.525253
0 0 0 0 0 0 0 0 0 0 0;
A synth1-portamento 0.0038177 16 0 0.121212 0.20202 0.20202 0.0606061
0 0 0 0 0 0 0 0 0 0 0;
A synth1-fFollow 0.820966 16 0.828283 0.59596 0.59596 0.909091 0.909091
0 0 0 0 0 0 0 0 0 0 0;
A synth1-fSat 0.525253 16 0.525253 0.525253 0.525253 0.272727 0.272727
0 0 0 0 0 0 0 0 0 0 0;
A synth1-fQ 0.0840691 16 0.0707071 0.494949 0 0.565657 0.565657 0 0
0 0 0 0 0 0 0 0 0;
A synth1-fF 0.162252 16 0.161616 0.181818 0.0606061 0.040404 0.464646
0 0 0 0 0 0 0 0 0 0 0;
A synth1-transpose 0.737692 16 0.737374 0.747475 0.737374 0.737374
0.737374 0 0 0 0 0 0 0 0 0 0 0;
A synth1-fR 0.262626 16 0.262626 0.262626 0.262626 0.262626 0.484848
0 0 0 0 0 0 0 0 0 0 0;
A synth1-fS 0.436809 16 0.444444 0.20202 0.313131 0.313131 0.313131
0 0 0 0 0 0 0 0 0 0 0;
A synth1-fD 0.783982 16 0.79798 0.353535 0.848485 0.848485 0.848485
0 0 0 0 0 0 0 0 0 0 0;
A synth1-fA 0 16 0 0 0 0 0 0 0 0 0 0 0 0 0 0 0 0;
A synth1-R 0.325539 16 0.313131 0.707071 0.707071 0.707071 0.484848
0 0 0 0 0 0 0 0 0 0 0;
A synth1-S 0.531934 16 0.525253 0.737374 0.646465 0.646465 0.646465
0 0 0 0 0 0 0 0 0 0 0;
A synth1-D 0.362125 16 0.353535 0.626263 0.464646 0.464646 0.464646
0 0 0 0 0 0 0 0 0 0 0;
A synth1-A 0.0130438 16 0 0.414141 0 0 0 0 0 0 0 0 0 0 0 0 0 0;
