rhythm1-2 0 16 0 0 0 0 0 0 0 0 0 0 0 0 0 0 0 0;
rhythm1-4 0 16 0 0 0 0 0 0 0 0 0 0 0 0 0 0 0 0;
rhythm1-6 17 16 0 0 0 0 0 0 0 0 0 0 0 0 0 0 0 0;
rhythm1-8 0 16 0 0 0 0 0 0 0 0 0 0 0 0 0 0 0 0;
rhythm1-7 0 16 0 0 0 0 0 0 0 0 0 0 0 0 0 0 0 0;
rhythm1-5 0 16 0 0 0 0 0 0 0 0 0 0 0 0 0 0 0 0;
rhythm1-3 0 16 0 0 0 0 0 0 0 0 0 0 0 0 0 0 0 0;
rhythm1-1 17 16 0 0 0 0 0 0 0 0 0 0 0 0 0 0 0 0;
A-patternMAX 4 0;
A inst1-ortho1 f 39.2525 16 39.2525 109.263 110.909 110.909 39.2525
0 0 0 0 0 0 0 0 0 0 0;
A inst1-ortho1 q 0.1 16 0.1 0.696141 1.02603 1.02603 0.1 0 0 0 0 0
0 0 0 0 0 0;
A inst1-ortho1 db 30 16 30 12.6708 24.7475 24.7475 30 0 0 0 0 0 0 0
0 0 0 0;
A inst1-disto1 vol 0.737374 16 0.737374 0.949495 1 1 0.737374 0 0 0
0 0 0 0 0 0 0 0;
A inst1-disto1 disto 0 16 0 0.223813 0.191919 0.181818 0 0 0 0 0 0
0 0 0 0 0 0;
A inst1-cheb1 coef4 0.787879 16 0.787879 0.766563 0.757576 0.919192
0.757576 0 0 0 0 0 0 0 0 0 0 0;
A inst1-cheb1 coef3 0.767677 16 0.767677 0.66094 0 0 0.848485 0 0 0
0 0 0 0 0 0 0 0;
A inst1-cheb1 coef2 0.515152 16 0.515152 0 0.929293 0.929293 0.40404
0 0 0 0 0 0 0 0 0 0 0;
A inst1-cheb1 coef1 0.393939 16 0.393939 0.777778 0.454545 0.454545
0.393939 0 0 0 0 0 0 0 0 0 0 0;
A inst1-cheb1 vol 1 16 1 0.717172 0.777778 0.777778 1 0 0 0 0 0 0 0
0 0 0 0;
A inst1-volume 0.860886 16 0.860886 0.836445 0.936709 0.936709 0.860886
0 0 0 0 0 0 0 0 0 0 0;
A inst1-noise 0.151899 16 0.151899 0.327913 0.493671 0.493671 0.0506329
0 0 0 0 0 0 0 0 0 0 0;
A inst1-decay 0.746835 16 0.746835 0.842619 0.582278 0.468354 0.746835
0 0 0 0 0 0 0 0 0 0 0;
A inst1-attack 0 16 0 0 0 0.265823 0 0 0 0 0 0 0 0 0 0 0 0;
A inst1-env2f 0.607595 16 0.607595 0.702591 0.702591 0.202532 0.189873
0 0 0 0 0 0 0 0 0 0 0;
A inst1-freq 0.101266 16 0.101266 0.591453 0.797468 0.797468 0.101266
0 0 0 0 0 0 0 0 0 0 0;
A inst1-autotune 0 16 0 0.0219276 0.0219276 0.0219276 0 0 0 0 0 0 0
0 0 0 0 0;
A r1 tone 1.53535 16 1.53535 1.72942 1.72942 1.72942 1.53535 0 0 0
0 0 0 0 0 0 0 0;
A r1 time 5.15754 16 5.15754 1.51152 1.51152 1.51152 5.15754 0 0 0
0 0 0 0 0 0 0 0;
A r1 vol 0 16 0 0.244397 0.244397 0.461538 0 0 0 0 0 0 0 0 0 0 0 0
;
A echo1 time 0.666667 16 0.666667 0.555556 0.181818 0.777778 0.666667
0 0 0 0 0 0 0 0 0 0 0;
A echo1 filtre 0.717172 16 0.717172 1 0.545455 0.616162 0.717172 0
0 0 0 0 0 0 0 0 0 0;
A echo1 feed 0.191919 16 0.191919 0.313131 1 0 0.191919 0 0 0 0 0 0
0 0 0 0 0;
A echo1 vol 0 16 0 0.30303 0.767677 0.767677 0 0 0 0 0 0 0 0 0 0 0
0;
A fl1 vol 0.858586 16 0.858586 0.858586 0.858586 0.858586 0.858586
0 0 0 0 0 0 0 0 0 0 0;
A fl1 filtre 1 16 1 1 1 1 1 0 0 0 0 0 0 0 0 0 0 0;
A fl1 feed 0.414141 16 0.414141 0.727273 0 0.353535 0.414141 0 0 0
0 0 0 0 0 0 0 0;
A fl1 time 0 16 0 0 0 0 0 0 0 0 0 0 0 0 0 0 0 0;
A fl1 rate 0.0707071 16 0.0707071 0.0814141 0.0606061 0.525253 0.0707071
0 0 0 0 0 0 0 0 0 0 0;
A fl1 deph 0.20202 16 0.20202 0.20202 0 0.777778 0.20202 0 0 0 0 0
0 0 0 0 0 0;
A fl1 bypass 1 16 1 0 0 0 1 0 0 0 0 0 0 0 0 0 0 0;
